18 18
4.0 4.0 4.0 7.0 -3.0 0.0 0.0 0.0 -9.0 21.0 12.0 12.0 12.0 21.0 -9.0 0.0 0.0 0.0 
4.0 4.0 4.0 7.0 -3.0 0.0 0.0 0.0 -9.0 21.0 12.0 12.0 12.0 21.0 -9.0 0.0 0.0 0.0 
4.0 4.0 4.0 7.0 -3.0 0.0 0.0 0.0 -9.0 21.0 12.0 12.0 12.0 21.0 -9.0 0.0 0.0 0.0 
7.0 7.0 7.0 5.0 -10.0 -12.0 -12.0 -12.0 -14.0 23.0 21.0 21.0 21.0 19.0 -22.0 -24.0 -24.0 -24.0 
-3.0 -3.0 -3.0 -10.0 35.0 28.0 28.0 28.0 33.0 -14.0 -9.0 -9.0 -9.0 -22.0 69.0 56.0 56.0 56.0 
0.0 0.0 0.0 -12.0 28.0 16.0 16.0 16.0 28.0 -12.0 0.0 0.0 0.0 -24.0 56.0 32.0 32.0 32.0 
0.0 0.0 0.0 -12.0 28.0 16.0 16.0 16.0 28.0 -12.0 0.0 0.0 0.0 -24.0 56.0 32.0 32.0 32.0 
0.0 0.0 0.0 -12.0 28.0 16.0 16.0 16.0 28.0 -12.0 0.0 0.0 0.0 -24.0 56.0 32.0 32.0 32.0 
-9.0 -9.0 -9.0 -14.0 33.0 28.0 28.0 28.0 27.0 -26.0 -27.0 -27.0 -27.0 -34.0 63.0 56.0 56.0 56.0 
21.0 21.0 21.0 23.0 -14.0 -12.0 -12.0 -12.0 -26.0 77.0 63.0 63.0 63.0 73.0 -34.0 -24.0 -24.0 -24.0 
12.0 12.0 12.0 21.0 -9.0 0.0 0.0 0.0 -27.0 63.0 36.0 36.0 36.0 63.0 -27.0 0.0 0.0 0.0 
12.0 12.0 12.0 21.0 -9.0 0.0 0.0 0.0 -27.0 63.0 36.0 36.0 36.0 63.0 -27.0 0.0 0.0 0.0 
12.0 12.0 12.0 21.0 -9.0 0.0 0.0 0.0 -27.0 63.0 36.0 36.0 36.0 63.0 -27.0 0.0 0.0 0.0 
21.0 21.0 21.0 19.0 -22.0 -24.0 -24.0 -24.0 -34.0 73.0 63.0 63.0 63.0 65.0 -50.0 -48.0 -48.0 -48.0 
-9.0 -9.0 -9.0 -22.0 69.0 56.0 56.0 56.0 63.0 -34.0 -27.0 -27.0 -27.0 -50.0 135.0 112.0 112.0 112.0 
0.0 0.0 0.0 -24.0 56.0 32.0 32.0 32.0 56.0 -24.0 0.0 0.0 0.0 -48.0 112.0 64.0 64.0 64.0 
0.0 0.0 0.0 -24.0 56.0 32.0 32.0 32.0 56.0 -24.0 0.0 0.0 0.0 -48.0 112.0 64.0 64.0 64.0 
0.0 0.0 0.0 -24.0 56.0 32.0 32.0 32.0 56.0 -24.0 0.0 0.0 0.0 -48.0 112.0 64.0 64.0 64.0 
