18 18
3.0 3.0 3.0 4.0 -1.0 0.0 0.0 0.0 -3.0 12.0 9.0 9.0 9.0 12.0 -3.0 0.0 0.0 0.0 
3.0 3.0 3.0 4.0 -1.0 0.0 0.0 0.0 -3.0 12.0 9.0 9.0 9.0 12.0 -3.0 0.0 0.0 0.0 
3.0 3.0 3.0 4.0 -1.0 0.0 0.0 0.0 -3.0 12.0 9.0 9.0 9.0 12.0 -3.0 0.0 0.0 0.0 
4.0 4.0 4.0 5.0 -5.0 -4.0 -4.0 -4.0 -7.0 15.0 12.0 12.0 12.0 15.0 -11.0 -8.0 -8.0 -8.0 
-1.0 -1.0 -1.0 -5.0 20.0 16.0 16.0 16.0 20.0 -7.0 -3.0 -3.0 -3.0 -11.0 40.0 32.0 32.0 32.0 
0.0 0.0 0.0 -4.0 16.0 12.0 12.0 12.0 16.0 -4.0 0.0 0.0 0.0 -8.0 32.0 24.0 24.0 24.0 
0.0 0.0 0.0 -4.0 16.0 12.0 12.0 12.0 16.0 -4.0 0.0 0.0 0.0 -8.0 32.0 24.0 24.0 24.0 
0.0 0.0 0.0 -4.0 16.0 12.0 12.0 12.0 16.0 -4.0 0.0 0.0 0.0 -8.0 32.0 24.0 24.0 24.0 
-3.0 -3.0 -3.0 -7.0 20.0 16.0 16.0 16.0 20.0 -13.0 -9.0 -9.0 -9.0 -17.0 40.0 32.0 32.0 32.0 
12.0 12.0 12.0 15.0 -7.0 -4.0 -4.0 -4.0 -13.0 45.0 36.0 36.0 36.0 45.0 -17.0 -8.0 -8.0 -8.0 
9.0 9.0 9.0 12.0 -3.0 0.0 0.0 0.0 -9.0 36.0 27.0 27.0 27.0 36.0 -9.0 0.0 0.0 0.0 
9.0 9.0 9.0 12.0 -3.0 0.0 0.0 0.0 -9.0 36.0 27.0 27.0 27.0 36.0 -9.0 0.0 0.0 0.0 
9.0 9.0 9.0 12.0 -3.0 0.0 0.0 0.0 -9.0 36.0 27.0 27.0 27.0 36.0 -9.0 0.0 0.0 0.0 
12.0 12.0 12.0 15.0 -11.0 -8.0 -8.0 -8.0 -17.0 45.0 36.0 36.0 36.0 45.0 -25.0 -16.0 -16.0 -16.0 
-3.0 -3.0 -3.0 -11.0 40.0 32.0 32.0 32.0 40.0 -17.0 -9.0 -9.0 -9.0 -25.0 80.0 64.0 64.0 64.0 
0.0 0.0 0.0 -8.0 32.0 24.0 24.0 24.0 32.0 -8.0 0.0 0.0 0.0 -16.0 64.0 48.0 48.0 48.0 
0.0 0.0 0.0 -8.0 32.0 24.0 24.0 24.0 32.0 -8.0 0.0 0.0 0.0 -16.0 64.0 48.0 48.0 48.0 
0.0 0.0 0.0 -8.0 32.0 24.0 24.0 24.0 32.0 -8.0 0.0 0.0 0.0 -16.0 64.0 48.0 48.0 48.0 
