18 18
2.0 2.0 2.0 5.0 -3.0 0.0 0.0 0.0 -9.0 15.0 6.0 6.0 6.0 15.0 -9.0 0.0 0.0 0.0 
2.0 2.0 2.0 5.0 -3.0 0.0 0.0 0.0 -9.0 15.0 6.0 6.0 6.0 15.0 -9.0 0.0 0.0 0.0 
2.0 2.0 2.0 5.0 -3.0 0.0 0.0 0.0 -9.0 15.0 6.0 6.0 6.0 15.0 -9.0 0.0 0.0 0.0 
5.0 5.0 5.0 3.0 -10.0 -12.0 -12.0 -12.0 -14.0 17.0 15.0 15.0 15.0 13.0 -22.0 -24.0 -24.0 -24.0 
-3.0 -3.0 -3.0 -10.0 27.0 20.0 20.0 20.0 25.0 -14.0 -9.0 -9.0 -9.0 -22.0 53.0 40.0 40.0 40.0 
0.0 0.0 0.0 -12.0 20.0 8.0 8.0 8.0 20.0 -12.0 0.0 0.0 0.0 -24.0 40.0 16.0 16.0 16.0 
0.0 0.0 0.0 -12.0 20.0 8.0 8.0 8.0 20.0 -12.0 0.0 0.0 0.0 -24.0 40.0 16.0 16.0 16.0 
0.0 0.0 0.0 -12.0 20.0 8.0 8.0 8.0 20.0 -12.0 0.0 0.0 0.0 -24.0 40.0 16.0 16.0 16.0 
-9.0 -9.0 -9.0 -14.0 25.0 20.0 20.0 20.0 19.0 -26.0 -27.0 -27.0 -27.0 -34.0 47.0 40.0 40.0 40.0 
15.0 15.0 15.0 17.0 -14.0 -12.0 -12.0 -12.0 -26.0 59.0 45.0 45.0 45.0 55.0 -34.0 -24.0 -24.0 -24.0 
6.0 6.0 6.0 15.0 -9.0 0.0 0.0 0.0 -27.0 45.0 18.0 18.0 18.0 45.0 -27.0 0.0 0.0 0.0 
6.0 6.0 6.0 15.0 -9.0 0.0 0.0 0.0 -27.0 45.0 18.0 18.0 18.0 45.0 -27.0 0.0 0.0 0.0 
6.0 6.0 6.0 15.0 -9.0 0.0 0.0 0.0 -27.0 45.0 18.0 18.0 18.0 45.0 -27.0 0.0 0.0 0.0 
15.0 15.0 15.0 13.0 -22.0 -24.0 -24.0 -24.0 -34.0 55.0 45.0 45.0 45.0 47.0 -50.0 -48.0 -48.0 -48.0 
-9.0 -9.0 -9.0 -22.0 53.0 40.0 40.0 40.0 47.0 -34.0 -27.0 -27.0 -27.0 -50.0 103.0 80.0 80.0 80.0 
0.0 0.0 0.0 -24.0 40.0 16.0 16.0 16.0 40.0 -24.0 0.0 0.0 0.0 -48.0 80.0 32.0 32.0 32.0 
0.0 0.0 0.0 -24.0 40.0 16.0 16.0 16.0 40.0 -24.0 0.0 0.0 0.0 -48.0 80.0 32.0 32.0 32.0 
0.0 0.0 0.0 -24.0 40.0 16.0 16.0 16.0 40.0 -24.0 0.0 0.0 0.0 -48.0 80.0 32.0 32.0 32.0 
